0.000147017
0.000137207
0.000117587
8.81574e-05
4.89174e-05
-1.32603e-07
-1.12578e-07
-7.93089e-08
-3.05609e-08
3.18433e-08
1.08804e-07
2.00855e-07
3.08262e-07
4.31006e-07
5.68772e-07
7.20958e-07
-0.000164866
-0.000164688
-0.000289763
-0.000289513
-0.000289262
-0.000289006
-0.000288747
-0.000288486
-0.000288225
-0.000287966
-0.00028771
-0.000287459
-0.000287213
-0.000286972
-0.000286738
-0.00028651
-0.000286287
-0.00028607
-0.000285858
-0.00028565
-0.000285445
-0.000285241
-0.000285036
-0.000284828
-0.000284616
-0.000284398
-0.00028417
-0.000283931
0.00714702
0.00713721
0.00711759
0.00708816
0.00704892
0.00699987
0.00694101
0.00687375
0.00679212
0.00667355
0.0065325
0.00637299
0.0061964
0.00600297
0.00579249
0.00556462
0.00531902
0.00505545
0.00477374
0.00447381
0.00415571
0.00381954
0.00346552
0.00309393
0.00270517
0.00229967
0.00187796
0.00714702
0.00713721
0.00711759
0.00708816
0.00704892
0.00699987
0.00694101
0.00687375
0.00679212
0.00667355
0.0065325
0.00637299
0.0061964
0.00600297
0.00579249
0.00556462
0.00531902
0.00505545
0.00477374
0.00447381
0.00415571
0.00381954
0.00346552
0.00309393
0.00270517
0.00229967
0.00187796
0.00146142
0.00103515
0.000596274
0.000115059
-0.000357039
-0.000355722
-0.000354659
-0.000353789
-0.000353089
-0.000352538
0.00714702
0.00710778
0.0070293
0.00691158
0.00676026
0.00643755
0.00611758
0.00569971
0.00523226
0.00468722
0.00408337
0.00340825
0.00275625
0.0020085
0.00123512
0.000222859
-0.000566141
-0.000561849
-0.000559129
-0.000977256
-0.000966684
-0.000958968
-0.000952974
-0.000948603
-0.000945435
-0.000943216
-0.000941728
-0.000940803
-0.000940296
-0.000940073
-0.000939998
-0.00093994
-0.000939773
-0.000938384
-0.000935768
-0.000931887
-0.000927276
-0.000925987
-0.000924635
-0.000922962
-0.000920926
-0.000918679
-0.000916226
-0.000913524
-0.000910501
-0.000905151
-0.00339356
-0.00326568
-0.00326508
-0.00326578
0.00714702
0.00710778
0.0070293
0.00691158
0.00676026
0.00643755
0.00611758
0.00569971
0.00523226
0.00468722
0.00408337
0.00340825
0.00275625
0.0020085
0.00123512
0.000222859
-0.000566141
-0.000561849
-0.000559129
-0.000977256
-0.000966684
-0.000958968
-0.000952974
-0.000948603
-0.000945435
-0.000943216
-0.000941728
-0.000940803
-0.000940296
-0.000940073
-0.000939998
-0.00093994
-0.000939773
-0.000938384
-0.000935768
-0.000931887
-0.000927276
-0.000925987
-0.000924635
-0.000922962
-0.000920926
-0.000918679
-0.000916226
-0.000913524
-0.000910501
-0.000905151
-0.00339356
-0.00326568
-0.00326508
-0.00326578
0.00714702
0.00710778
0.0070293
0.00691158
0.00676026
0.00643755
0.00611758
0.00569971
0.00523226
0.00468722
0.00408337
0.00340825
0.00275625
0.0020085
0.00123512
0.000222859
-0.000566141
-0.000561849
-0.000559129
-0.000977256
-0.000966684
-0.000958968
-0.000952974
-0.000948603
-0.000945435
-0.000943216
0.00714702
0.00710778
0.0070293
0.00691158
0.00676026
0.00643755
0.00611758
0.00569971
0.00523226
0.00468722
0.00408337
0.00340825
0.00275625
0.0020085
0.00123512
0.000222859
-0.000566141
-0.000561849
-0.000559129
-0.000977256
-0.000966684
-0.000958968
-0.000952974
-0.000948603
-0.000945435
-0.000943216
-0.000941728
-0.000940803
-0.000940296
-0.000940073
-0.000939998
-0.00093994
-0.000939773
-0.000938384
-0.000935768
0.00714702
0.00710778
0.0070293
0.00691158
0.00676027
0.00643748
0.00611767
0.00569979
0.00523274
0.00468771
0.00408456
0.00340938
0.00275822
0.00201046
0.00123804
0.000225568
-0.000562283
-0.000557998
-0.000555277
-0.000981399
-0.000970835
-0.000963125
0.00714702
0.00714692
0.00714672
0.00714702
0.00714692
0.00714672
0.00714702
0.00714692
0.00714672
0.00714702
0.00714692
0.00714672
0.00714702
0.00714692
0.00714672
0.00714702
0.00714692
0.00714672
0.00714702
0.00714692
0.00714672
0.00714702
0.00714692
0.00714672
-0.0629407
-0.0629407
-0.0629407
-0.0629407
-0.0629407
-0.0629406
-0.0629406
-0.0629406
-0.0629406
-0.0629406
-0.0629405
-0.0629405
-0.0629405
-0.0629404
-0.0629404
-0.0629404
-0.0629403
-0.0629402
-0.0629402
-0.0629401
-0.06294
-0.06294
-0.0629399
-0.0629398
-0.0629396
-0.0629395
-0.0629394
-0.0629393
-0.0629391
-0.0629389
-0.0629387
-0.0629383
-0.0629379
-0.0629373
-0.0629367
-0.0629359
-0.062935
-0.0629341
-0.0629331
-0.062932
-0.062931
-0.0629299
-0.0629288
-0.0629277
-0.0629266
-0.0629256
-0.0629245
-0.0629235
-0.0629225
-0.0629215
-0.0629205
-0.0629195
-0.0629185
-0.0629474
-0.0629474
-0.0629474
0.00714702
0.00713721
0.00711759
0.00714702
0.00713721
0.00711759
0.00708816
0.00704892
0.00699987
0.00694101
0.00687396
0.00679143
0.00667179
0.00652995
0.00637006
0.00619312
0.00599898
0.00578714
0.00555703
0.00530814
0.00504002
0.00475236
0.00444494
0.00411768
0.00377056
0.00340372
0.00301735
0.00261178
0.0021874
0.00176757
0.00133589
0.000888912
0.000426128
-5.21226e-05
-5.07053e-05
-4.95537e-05
-4.86275e-05
-4.78969e-05
-4.73343e-05
-4.69132e-05
-4.66081e-05
-4.63951e-05
-4.62529e-05
-4.61628e-05
-4.61091e-05
-4.60791e-05
-4.60631e-05
-4.60537e-05
-4.60461e-05
-4.60369e-05
-4.60247e-05
-4.60089e-05
-4.59898e-05
-4.59682e-05
-4.59449e-05
-4.59208e-05
-4.23874e-05
-3.13401e-05
-1.0026e-05
2.32689e-05
-0.000177717
-8.45178e-05
1.4035e-05
-0.000150234
-3.86459e-06
0.000139365
0.000201554
0.000235532
0.000254048
0.000259967
0.000253556
0.000234315
0.00020147
0.000154117
-0.000536537
-0.000534072
-0.000532315
-0.000531102
-0.000530283
-0.000529768
-0.000529447
-0.000529032
-0.000528549
-0.000528331
-0.000683475
-0.00068195
-0.000667404
-0.00063248
-0.000571119
-0.0010332
-0.00102561
-0.00101835
-0.00101145
-0.00100668
-0.00100349
-0.0010014
-0.00100002
-0.000999087
-0.000998415
-0.000997871
-0.00099737
-0.000996854
-0.000996277
0.00714702
0.00713721
0.00711759
0.00708816
0.00704892
0.00699987
0.00694101
0.00687569
0.00678762
0.00665559
0.00649734
0.00631761
0.00611687
0.00589427
0.00564862
0.00537874
0.00508361
0.00476238
0.00441441
0.00403927
0.0036367
0.00323636
0.00281675
0.00237284
0.00190353
0.0014088
0.000889068
0.000344999
-0.000222543
-0.000220704
-0.000219234
-0.000218082
-0.000217204
-0.000216559
-0.000216109
-0.000215814
-0.000215641
-0.000215555
-0.000215529
-0.000215538
-0.000215562
-0.000215585
-0.000215596
-0.000215586
-0.000215551
-0.000215487
-0.000215396
-0.000215278
-0.000215135
-0.000214969
-0.000213272
-0.000202247
-0.000176278
-0.000131539
-6.5646e-05
2.26598e-05
-5.08027e-05
0.000102948
5.6642e-05
-2.84159e-05
0.000213712
0.000201336
0.000127039
3.73275e-05
-5.45486e-05
0.000259388
0.000205995
3.64912e-05
-0.000184095
3.45878e-05
-0.000177492
-7.54866e-05
-5.86404e-05
-5.78544e-05
-5.70624e-05
-5.63376e-05
-5.57069e-05
-5.51738e-05
-5.4731e-05
-5.43666e-05
-5.40672e-05
-5.38193e-05
-5.35661e-05
-5.33619e-05
-5.3178e-05
-5.30057e-05
-5.28382e-05
-5.2669e-05
-5.22142e-05
-0.00122096
-0.00121614
-0.00118494
-0.00111939
-0.0010109
-0.000874385
-0.000694339
-0.000472115
-0.000462179
-0.000461086
-0.000459348
0.0070859
0.00707609
0.00705647
0.00702704
0.0069878
0.00693875
0.00687989
0.00682158
0.00675146
0.00666821
0.00653249
0.006373
0.00619646
0.00600309
0.00579269
0.00556493
0.00531946
0.00505604
0.0047745
0.00447476
0.00415687
0.00382093
0.00346715
0.00309583
0.00270734
0.00230212
0.00188071
0.00146446
0.00103848
0.000599886
0.000148218
-0.000348429
-0.000347113
-0.000346053
-0.000345186
-0.000344488
-0.000343939
-0.000503968
-0.000501506
-0.000499253
-0.000497192
-0.000495315
-0.000493619
-0.000492097
-0.000490741
-0.000489541
-0.000488487
-0.000487568
-0.000486774
-0.000486094
-0.000485519
-0.000485039
-0.000484646
-0.00048433
-0.000484082
-0.000483895
-0.000483759
-0.000483665
-0.000483604
-0.000483549
-0.00048346
-0.00048332
-0.00048305
-0.00048259
-0.000481921
-0.000481441
-0.000481003
-0.00048054
-0.000480353
-0.000480253
-0.000480159
-0.000480033
-0.000479866
-0.000479501
-0.000479005
-0.000478414
-0.000477746
-0.000477012
-0.000476218
-0.000475372
-0.000474479
-0.000473546
-0.000472965
-0.000472119
-0.000471559
-0.000470674
-0.000469648
-0.000468563
-0.000467944
-0.000466958
-0.000465855
-0.000465237
-0.000464233
-0.000463143
-0.000461828
-0.000421203
-0.000359879
-0.000265114
-0.000192089
-0.000192168
0.00714702
0.00713721
0.00711759
0.00708816
0.00704892
0.00699987
0.00694101
0.00687366
0.00679255
0.00667346
0.0065313
0.00637052
0.0061927
0.00599818
0.00578677
0.00555815
0.00531203
0.00504817
0.00476645
0.00446682
0.00414933
0.00381411
0.0034614
0.00309148
0.00270473
0.0023016
0.00188259
0.00146877
0.00104545
0.0006098
0.000132514
-0.000363638
-0.000362325
-0.000361265
-0.000360395
-0.000359693
-0.00035914
-0.000358714
-0.000358395
-0.000358164
-0.000358
-0.000357888
-0.000357811
-0.000742494
-0.000737999
-0.0007343
-0.000731245
-0.000728732
-0.000726674
-0.000725001
-0.00072365
-0.000722566
-0.000721706
-0.000721029
-0.000720505
-0.000720107
-0.000719812
-0.000719602
-0.000719491
-0.000719418
-0.000719347
-0.000719257
-0.000719134
-0.000719092
-0.000719068
-0.000719025
-0.000718934
-0.000718781
-0.00071878
-0.000718803
-0.000718794
-0.000718735
-0.000718515
-0.000718176
-0.000717741
-0.000717222
-0.000716628
-0.000715967
-0.000715243
-0.000714464
-0.000713632
-0.000712755
-0.000712181
-0.000711696
-0.000710908
-0.000709959
-0.000708922
-0.000707829
-0.000707182
-0.000706163
-0.000705011
-0.000703812
-0.000703139
-0.00070205
-0.000700865
-0.00069967
-0.0006985
-0.000697894
-0.00069691
0.00714702
0.00713721
0.00711759
0.00708816
0.00704892
0.00699987
0.00694101
0.00687366
0.00679255
0.00667346
0.0065313
0.00637051
0.00619269
0.00599816
0.00578675
0.00555813
0.00531201
0.00504815
0.00476643
0.0044668
0.00414931
0.0038141
0.00346139
0.00309148
0.00270474
0.00230161
0.00188261
0.0014688
0.00104549
0.000609852
0.000132578
-0.000363559
-0.000362247
-0.000361187
-0.000360317
-0.000359615
-0.000359062
-0.000358636
-0.000358317
-0.000358086
-0.000357922
-0.00035781
-0.000357733
-0.000737173
-0.000732678
-0.000728979
-0.000725925
-0.000723411
-0.000721354
-0.000719681
-0.000718329
-0.000717246
-0.000716385
-0.000715709
-0.000715185
-0.000714787
-0.000714492
-0.000714282
-0.000714171
-0.000714098
-0.000714027
-0.000713937
-0.000713814
-0.000713772
-0.000713748
-0.000713705
-0.000713614
-0.000713461
-0.00071346
-0.000713483
-0.000713474
-0.000713415
-0.000713196
-0.000712856
-0.000712421
-0.000711902
-0.000711309
-0.000710648
-0.000709924
-0.000709144
-0.000708313
-0.000707436
-0.000706862
-0.000706378
-0.000705589
-0.00070464
-0.000703604
-0.000702511
-0.000701864
-0.000700844
-0.000699693
-0.000698493
-0.000697821
-0.000696732
-0.000695547
-0.000694352
-0.000693182
-0.000692576
-0.000691592
-0.000679759
0.00714702
0.00713721
0.00711759
0.00708816
0.00704892
0.00699987
0.00694101
0.00687366
0.00679255
0.00667346
0.0065313
0.00637051
0.0061927
0.00714702
0.00713721
0.00711759
0.00708816
0.00704892
0.00714702
0.00713721
0.00711759
0.00708816
0.00704892
0.00699987
0.00694101
0.00687366
0.00679255
0.00667346
0.0065313
0.00637052
0.0061927
0.00599818
0.00578677
0.00555815
0.00531203
0.00504818
0.00476646
0.00446684
0.00414935
0.00381414
0.00346143
0.00309152
0.00270478
0.00230165
0.00188265
0.00146883
0.00104552
0.000609879
0.000132601
-0.000363542
-0.00036223
-0.00036117
-0.0003603
-0.000359598
-0.000359045
-0.000358619
-0.0003583
-0.000358069
-0.000357905
-0.000357793
-0.000357716
-0.000766138
-0.000761644
-0.000757945
-0.00075489
-0.000752376
-0.000750318
-0.000748645
-0.000747294
-0.00074621
-0.000745349
-0.000744673
-0.000744148
-0.00074375
-0.000743455
-0.000743244
-0.000743134
-0.000743061
-0.00074299
-0.000742899
-0.000742776
-0.000742734
-0.000742711
-0.000742667
-0.000742576
-0.000742423
-0.000742423
-0.000742445
-0.000742436
-0.000742377
-0.000742158
-0.000741818
-0.000741383
-0.000740864
-0.00074027
-0.000739609
-0.000738885
-0.000738105
-0.000737274
-0.000736396
-0.000735822
-0.000735337
-0.000734548
-0.000733599
-0.000732563
-0.000731469
-0.000730822
-0.000729802
-0.000728651
-0.000727451
-0.000726778
-0.000725689
-0.000724503
-0.000723308
-0.000722138
-0.000721532
-0.000720547
-0.000708765
0.00714702
0.00713721
0.00711759
0.00708816
0.00704892
0.00699987
0.00694101
0.00687366
0.00679256
0.00667346
0.0065313
0.0063705
0.00619268
0.00599816
0.00578674
0.00555812
0.005312
0.00504815
0.00476643
0.0044668
0.00414932
0.00381412
0.00346141
0.00309151
0.00270478
0.00230166
0.00188267
0.00146887
0.00104557
0.000609939
0.000132678
-0.000363447
-0.000362134
-0.000361075
-0.000360205
-0.000359503
-0.000358949
-0.000358523
-0.000358205
-0.000357973
-0.00035781
-0.000357697
-0.000357621
-0.000751669
-0.000747175
-0.000743476
-0.000740421
-0.000737907
-0.00073585
-0.000734177
-0.000732825
-0.000731742
-0.000730881
-0.000730205
-0.00072968
-0.000729282
-0.000728987
-0.000728777
-0.000728666
-0.000728593
-0.000728522
-0.000728432
-0.000728309
-0.000728267
-0.000728243
-0.0007282
-0.000728109
-0.000727956
-0.000727955
-0.000727978
-0.000727969
-0.00072791
-0.000727691
-0.000727351
-0.000726916
-0.000726397
-0.000725804
-0.000725142
-0.000724419
-0.000723639
-0.000722808
-0.00072193
-0.000721357
-0.000720872
-0.000720083
-0.000719134
-0.000718098
-0.000717005
-0.000716358
-0.000715338
-0.000714187
-0.000712987
-0.000712314
-0.000711225
-0.000710039
-0.000708845
-0.000707674
-0.000707068
-0.000706084
-0.000694278
0.00714702
0.00713721
0.00711759
0.00708816
0.00704892
0.00699987
0.00694101
0.00687495
0.00679058
0.00665046
0.00651696
0.00629475
0.00623911
0.00574205
0.00604891
0.00582618
0.0116111
0.0102148
0.0121372
5.37472
113395
0.00714702
0.00713721
0.00711759
0.00708816
0.00704892
0.00699987
0.00694101
0.00687494
0.00679063
0.0066504
0.00651721
0.0062943
0.00624054
0.0057392
0.00627887
0.00475717
0.00774911
0.0125382
0.0909532
0.00714702
0.00713721
0.00711759
0.00708816
0.00704892
0.00699987
0.00694101
0.00687366
0.00679255
0.00667346
0.0065313
0.00637051
0.00619269
0.00599816
0.00578675
0.00555813
0.005312
0.00504815
0.00476642
0.00446679
0.0041493
0.00381409
0.00346138
0.00309146
0.00270472
0.00230159
0.00188259
0.00146877
0.00104546
0.000609818
0.000132541
-0.000363599
-0.000362287
-0.000361227
-0.000360357
-0.000359655
-0.000359101
-0.000358676
-0.000358357
-0.000358126
-0.000357962
-0.000357849
-0.000357773
-0.000724591
-0.000720097
-0.000716398
-0.000713343
-0.00071083
-0.000708772
-0.000707099
-0.000705748
-0.000704665
-0.000703804
-0.000703128
-0.000702604
-0.000702206
-0.000701912
-0.000701701
-0.000701591
-0.000701518
-0.000701447
-0.000701357
-0.000701234
-0.000701192
-0.000701168
-0.000701124
-0.000701034
-0.00070088
-0.00070088
-0.000700902
-0.000700894
-0.000700835
-0.000700615
-0.000700276
-0.000699841
-0.000699322
-0.000698729
-0.000698068
-0.000697344
-0.000696565
-0.000695734
-0.000694856
-0.000694283
-0.000693798
-0.00069301
-0.000692061
-0.000691025
-0.000689932
-0.000689285
-0.000688266
-0.000687114
-0.000685915
-0.000685242
-0.000684154
-0.000682969
-0.000681774
-0.000680604
-0.000679998
-0.000679014
-0.00066716
0.00714702
0.00713721
0.00711759
0.00708816
0.00704892
0.00699987
0.00694101
0.0068737
0.00679242
0.00667374
0.00653216
0.00637182
0.00619413
0.00599933
0.00578717
0.00555729
0.00530931
0.00504298
0.00475811
0.00445462
0.00413252
0.00379193
0.00343305
0.00305616
0.00266162
0.00224989
0.00184297
0.00142543
0.000994204
0.000548689
5.52518e-05
0.00714702
0.00713721
0.00711759
0.00708816
0.00704892
0.00699987
0.00694101
0.0068737
0.00679243
0.00667375
0.00653216
0.0063718
0.0061941
0.00599928
0.0057871
0.00555718
0.00530917
0.0050428
0.00475788
0.00445433
0.00413217
0.00379151
0.00343255
0.00305558
0.00266095
0.00224912
0.00184211
0.00142446
0.000993119
0.000547482
5.39015e-05
-0.000427643
-0.000426297
-0.000425212
-0.000424325
-0.000423613
-0.000423057
-0.000422633
-0.000422321
-0.000422099
-0.000421947
-0.000421847
-0.000421784
-0.000485663
-0.000481258
-0.000477624
-0.000474617
-0.000472136
-0.000470099
-0.000468439
-0.000467096
-0.000466018
-0.000465161
-0.000464488
-0.000463967
-0.000463572
-0.000463281
-0.000463075
-0.000462937
-0.000462873
-0.000462824
-0.00046276
-0.000462663
-0.000462498
-0.000462418
-0.000462351
-0.000462253
-0.000462096
-0.000461866
-0.000461816
-0.000461807
-0.000461778
-0.000461565
-0.000461232
-0.000460806
-0.000460299
-0.000459719
-0.000459072
-0.000458365
-0.000457604
-0.000456796
-0.000456241
-0.000455496
-0.000454642
-0.000454089
-0.000453275
-0.000452331
-0.000451754
-0.000450842
-0.000449791
-0.000448679
-0.000447538
-0.000446918
-0.000445896
-0.000444769
-0.000443629
-0.00044251
-0.000441948
-0.000441009
-0.000439128
0.00714702
0.00713721
0.00711759
0.00708816
0.00704892
0.00699987
0.00694101
0.00687361
0.00679353
0.00666881
0.00651879
0.00634723
0.00615582
0.00594444
0.00571263
0.00545983
0.00518549
0.00488922
0.00457071
0.0042298
0.00386646
0.00348075
0.00309848
0.00270102
0.00228441
0.00184754
0.0013904
0.000913206
0.000416857
-9.74844e-05
-9.59564e-05
-9.47393e-05
-9.37651e-05
-9.29971e-05
-9.24116e-05
-9.19842e-05
-9.16899e-05
-9.15036e-05
-9.14014e-05
-9.13612e-05
-9.13629e-05
-9.13892e-05
-9.14254e-05
-9.14595e-05
-9.14824e-05
-0.000193131
-0.00018877
-0.000185215
-0.000182319
-0.000179983
-0.000178121
-0.000176654
-0.000175511
-0.000174635
-0.000173974
-0.000173486
-0.000173139
-0.000172903
-0.000172755
-0.000172678
-0.000172656
-0.000172675
-0.000172692
-0.000172686
-0.000172646
-0.000172566
-0.000172442
-0.000172426
-0.000172446
-0.000172483
-0.00017253
-0.000172532
-0.000172197
-0.000171598
-0.000171169
-0.000170752
-0.000169916
-0.000169317
-0.000168835
